40[0,2] <- 80[0,3] -> 100[-1,2]
20[0,1] <- 40[0,2] -> 60[0,1]
10[0,0] <- 20[0,1] -> 30[0,0]
. <- 10[0,0] -> .
. <- 30[0,0] -> .
50[0,0] <- 60[0,1] -> 70[0,0]
. <- 50[0,0] -> .
. <- 70[0,0] -> .
90[0,0] <- 100[-1,2] -> 110[-1,1]
. <- 90[0,0] -> .
. <- 110[-1,1] -> 120[0,0]
. <- 120[0,0] -> .
